100010133346851              1 1330              7954140200                 5069
1000102           201  7                         *    2 2 2  *  4  4  8 8 8    john
1000103            5-              -                                   533
1000104            59                2                                 633
1000105            5-              -                                   522
1000106            222222222222
1000107            34
1000108            2336
1000109            2336
1000110            2555
1000111            400                                                         2
100020113226652      1       1 1340              7952140200                 5069
1000202           101  7                         *    *      *  *  6  * 7 7    carl
1000203            2  1         4             2  1                    431401
1000204            2  1         4             2  1                    432404
1000205            5-                3                                 622
1000206            543343442243
1000207            44
1000208            122
1000209            1223
1000210            2555
1000211            260    