1   1 42 2 2 7882  1 4 2 3 3 4 2 45  3 3 1 3 2 1 
2   1 24 3 0 4870  1 3 3 3 1 4 4 53  3 3 2 3 2 1 
3   4 36 2 6 9055  5 3 2 3 1 4 4 35  3 3 1 2 2 2 
4   4 24 2 2 2835  3 5 3 3 1 4 2 53  3 2 1 3 1 1 
5   2 36 2 1 6948  1 3 2 3 1 2 3 35  3 1 1 4 1 2 
6   4 12 2 3 3059  4 4 2 1 1 4 1 61  3 2 1 2 1 1 
7   2 30 9 0 5234  1 1 4 4 1 2 3 28  3 2 2 4 1 1 
8   2 12 2 0 1295  1 2 3 2 1 1 3 25  3 1 1 3 1 1 
9   1 48 2 9 4308  1 2 3 2 1 4 2 24  3 1 1 3 1 1 
10  1 30 0 9 8072  5 2 2 3 1 3 3 25  1 2 3 3 1 1 
11  2 24 2 1 12579 1 5 4 2 1 2 4 44  3 3 1 4 1 2 
12  4 24 2 3 3430  3 5 3 3 1 2 3 31  3 2 1 3 2 2 
13  4 9  4 0 2134  1 3 4 3 1 4 3 48  3 2 3 3 1 2 
14  1 6  2 3 2647  3 3 2 3 1 3 1 44  3 1 1 3 2 1 
15  1 10 4 0 2241  1 2 1 3 1 3 1 48  3 1 2 2 2 1 1
16  4 10 4 2 2069  5 3 2 4 1 1 3 26  3 2 2 3 1 1 1
17  4 6  0 3 426   1 5 4 4 1 4 3 39  3 2 1 2 1 1 
18  2 7  2 3 2415  1 3 3 3 3 2 1 34  3 2 1 3 1 1 
19  2 18 2 9 1913  4 2 3 9 1 3 1 36  1 2 1 3 1 2 
20  2 18 2 0 5866  2 3 2 3 1 2 3 30  3 2 2 3 1 2 
21  4 12 4 9 1264  5 5 4 3 1 4 4 57  3 1 1 2 1 1 
22  4 48 4 6 6110  1 3 1 3 1 3 4 31  1 3 1 3 1 2 
23  3 18 2 3 2100  1 3 4 3 2 2 1 37  2 2 1 3 1 1 
24  3 10 2 4 1225  1 3 2 3 1 2 3 37  3 2 1 3 1 2 
25  2 12 2 3 1158  3 3 3 1 1 1 3 26  3 2 1 3 1 2 
26  2 18 3 5 6204  1 3 2 3 1 4 1 44  3 2 1 2 2 2 
27  1 30 4 1 6187  2 4 1 4 1 4 3 999 3 1 2 3 1 1 
28  1 48 4 1 6143  1 5 4 2 1 4 4 58  2 3 2 2 1 1 
29  4 11 4 0 1393  1 2 4 2 1 4 3 35  3 2 2 4 1 1 
30  4 36 2 3 2299  3 5 4 3 1 4 3 39  3 2 1 3 1 1 
31  1 6  2 1 1352  3 1 1 2 1 2 2 23  3 1 1 1 1 2 
32  4 11 4 0 7228  1 3 1 3 1 4 2 39  3 2 2 2 1 1 
33  4 12 2 3 2073  2 3 4 2 2 2 1 28  3 2 1 3 1 1 
34  2 24 3 2 2333  5 2 4 3 1 2 2 29  1 2 1 2 1 1 
35  4 18 2 1 3378  5 3 2 3 1 1 2 31  3 2 1 3 1 2 
36  4 6  1 0 783   5 3 1 3 3 2 1 26  2 2 1 2 2 1 
37  4 36 9 3 9566  1 3 2 2 1 2 3 31  2 2 2 3 1 1 
38  3 18 2 0 1961  1 5 3 2 1 2 3 23  3 2 1 4 1 1 
39  2 9  2 9 1391  1 3 2 4 1 1 1 27  1 2 1 3 1 2 
40  2 48 0 9 14421 1 3 2 3 1 2 3 25  3 2 1 3 1 2 
41  4 24 2 3 3181  1 2 4 2 1 4 2 26  3 2 1 3 1 2 
42  2 12 2 0 1007  4 3 4 4 1 1 1 22  3 2 1 3 1 1 
43  4 36 2 6 1819  1 3 4 3 1 4 4 37  2 3 1 3 1 2 
44  4 36 2 3 2394  5 3 4 2 1 4 3 25  3 2 1 3 1 1 
45  1 36 2 6 1977  5 5 4 3 1 4 4 40  3 2 1 4 1 2 
46  2 11 3 3 4771  1 4 2 3 1 4 2 51  3 2 1 3 1 1 
47  4 54 0 1 9436  5 3 2 3 1 2 2 39  3 2 1 2 2 1 
48  1 24 2 X 1755  1 5 4 2 3 4 1 58  3 2 1 2 1 2 
49  4 12 4 9 1412  1 3 4 2 3 2 1 29  3 2 2 4 1 2 
50  1 18 2 0 2249  2 4 4 3 1 3 3 30  3 2 1 4 2 2 
51  4 12 4 3 618   1 5 4 3 1 4 1 999 3 2 1 3 1 1 
52  4 12 4 3 797   5 5 4 2 1 3 2 33  1 2 1 2 2 1 
53  3 24 4 2 3617  5 5 4 3 2 4 4 20  3 1 2 3 1 1 
54  2 54 0 9 15945 1 2 3 3 1 4 4 58  3 1 1 3 1 2 
55  4 12 9 6 2012  5 4 4 2 1 2 3 61  3 2 1 3 1 1 
56  2 36 2 3 2323  1 4 4 3 1 4 3 24  3 1 1 3 1 1 
57  4 6  3 3 932   1 3 3 2 1 2 1 24  3 2 1 3 1 1 
58  4 18 1 0 6458  1 5 2 3 1 4 4 39  1 2 2 4 2 2 
59  2 12 2 0 6078  1 4 2 3 1 2 3 32  3 2 1 3 1 1 
60  2 18 2 0 6260  1 4 3 3 1 3 1 28  3 1 1 2 1 1 
61  1 10 4 2 2132  5 2 2 2 2 3 1 27  3 1 2 3 1 1 1
62  1 33 4 2 4281  3 3 1 2 1 4 3 23  3 2 2 3 1 1 
63  2 12 4 0 2366  3 4 3 1 1 3 3 36  3 2 1 4 1 2 
64  1 21 2 3 1835  1 3 3 2 1 2 1 25  3 2 2 3 1 2 
65  4 24 4 1 3868  1 5 4 2 1 2 3 41  3 1 2 4 1 2 
66  3 10 4 0 781   1 5 4 3 1 4 4 63  3 3 2 3 1 2 
67  2 18 2 2 1924  5 2 4 2 1 3 1 27  3 1 1 3 1 1 
68  2 12 2 5 639   1 3 4 3 1 2 3 30  3 2 1 3 1 1 
69  4 15 2 2 2708  1 2 2 3 1 3 2 27  1 2 2 2 1 1 
70  4 18 2 2 1984  1 3 4 3 1 4 4 47  1 3 2 3 1 1 
71  4 60 2 3 10144 2 4 2 2 1 4 1 21  3 2 1 3 1 2 
72  3 12 2 3 1881  1 3 2 2 1 2 3 44  3 1 1 2 1 2 
73  3 6  9 0 709   4 2 2 4 1 2 1 27  3 2 1 1 1 1 1
74  1 27 2 3 3416  1 3 3 3 1 2 3 27  3 2 1 4 1 1 
75  1 18 2 2 2462  1 3 2 3 1 2 3 22  3 2 1 3 1 1 
76  4 21 4 2 2288  1 2 4 2 1 4 2 23  3 2 1 3 1 2 
77  1 6  4 0 860   1 5 1 2 1 4 4 39  3 2 2 3 1 2 
78  4 12 4 0 682   2 4 4 2 1 3 3 51  3 2 2 3 1 2 
79  4 18 4 3 1582  4 5 4 3 1 4 3 46  3 2 2 3 1 1 
80  3 36 2 3 5848  1 3 4 3 1 1 3 999 3 2 1 3 1 1 
81  2 24 4 1 7758  4 5 2 2 1 4 4 29  3 1 1 3 1 1 
82  2 24 3 9 6967  2 4 4 3 1 4 3 999 3 1 1 4 1 2 
83  1 12 2 2 1282  1 3 2 2 1 4 3 20  3 1 1 3 1 1 
84  1 9  4 5 1288  2 5 3 3 3 4 1 48  3 2 2 3 2 1 1
85  4 24 4 3 2872  2 5 3 3 1 4 1 36  3 2 1 3 2 2 
86  2 10 2 0 7308  1 1 2 3 1 4 4 70  1 3 1 4 1 2 
87  4 6  2 2 2978  3 3 1 3 1 2 3 32  3 2 1 3 1 2 
88  2 24 3 2 2064  1 1 3 2 1 2 2 34  3 2 1 4 1 2 
89  2 8  2 3 1414  1 3 4 3 3 2 1 33  3 2 1 3 1 1 1
90  4 30 1 1 7485  5 1 4 2 1 1 1 53  1 2 1 4 1 2 
91  1 6  4 3 338   3 5 4 3 1 4 3 52  3 2 2 3 1 1 
92  4 12 2 3 1963  1 4 4 3 1 2 3 31  3 1 2 4 2 2 
93  1 21 4 0 571   1 5 4 3 1 4 1 65  3 2 2 3 1 1 
94  4 36 3 9 9572  1 2 1 1 1 1 3 28  3 2 2 3 1 1 
95  2 36 3 9 4455  1 3 2 1 1 2 1 30  2 2 2 4 1 2 
96  1 21 1 0 1647  5 3 4 3 1 2 2 40  3 2 2 2 2 1 
97  4 24 4 2 3777  4 3 4 3 1 4 1 50  3 2 1 3 1 2 
98  2 9  1 1 5129  1 5 2 2 1 4 4 74  1 3 1 4 2 2 
99  1 12 2 3 674   2 4 4 4 1 1 2 20  3 2 1 3 1 1 
100 2 48 0 9 3844  2 4 4 3 1 4 4 34  3 3 1 2 2 1 
101 4 6  2 3 2108  1 4 2 4 1 2 1 29  3 1 1 3 1 1 
102 4 6  4 3 1382  1 3 1 2 1 1 3 28  3 2 2 3 1 2 
103 2 24 2 1 2760  5 5 4 3 1 4 4 36  1 3 1 3 1 2 
104 1 12 2 0 1168  1 3 4 4 1 3 1 27  3 2 1 2 1 1 
105 4 27 3 9 5117  1 4 3 3 1 4 3 26  3 2 2 3 1 1 
106 1 12 2 8 902   1 4 4 4 1 4 2 21  3 1 1 3 1 1 
107 4 12 4 0 1495  1 5 4 3 1 1 1 38  3 2 2 2 2 1 
108 2 12 4 4 1424  1 4 4 3 1 3 2 26  3 2 1 3 1 1 
109 4 12 9 1 1413  4 4 3 3 1 2 2 55  3 2 1 3 1 1 1
110 4 9  4 3 3074  5 3 1 3 1 2 1 33  3 2 2 3 2 1 
111 4 36 2 3 3835  5 5 2 2 1 4 1 45  3 2 1 2 1 2 
112 2 6  4 8 932   5 4 1 2 1 3 2 39  3 2 2 2 1 1 
113 1 24 2 2 3021  1 3 2 1 1 2 1 24  3 1 1 2 1 1 
114 4 15 2 1 4657  1 3 3 3 1 2 3 30  3 2 1 3 1 2 
115 1 12 2 2 7865  1 5 4 3 1 4 4 53  3 3 1 4 1 2 
116 4 9  2 3 1478  1 4 4 3 1 2 3 22  3 2 1 3 1 1 
117 3 36 2 3 4210  1 3 4 3 1 2 3 26  3 2 1 3 1 1 
118 4 12 2 3 2141  2 4 3 3 1 1 4 35  3 2 1 3 1 1 
119 2 18 2 3 866   1 3 4 4 3 2 1 999 3 2 1 2 1 1 
120 1 24 2 0 915   5 5 4 2 1 2 3 29  1 2 1 3 1 1 
121 4 6  2 3 1595  1 4 3 3 1 2 2 51  3 2 1 3 2 1 
122 1 48 0 1 4605  1 5 3 3 1 4 4 24  3 3 2 3 2 1 
123 4 12 4 9 1185  1 3 3 2 1 2 1 27  3 2 2 3 1 1 
124 4 12 1 8 3447  3 3 4 2 1 3 1 35  3 2 1 2 2 1 
125 4 24 2 9 1258  1 4 4 3 1 1 1 25  3 2 1 3 1 2 
126 4 12 4 3 717   1 5 4 3 1 4 1 52  3 2 3 3 1 1 
127 4 6  0 0 1204  2 3 4 9 1 1 4 35  1 1 1 3 1 1 1
128 3 12 2 2 2251  1 3 1 2 1 2 3 46  3 2 1 2 1 1 
129 4 24 3 2 4151  2 3 2 3 1 3 2 35  3 2 2 3 1 1 
130 2 9  2 2 2030  5 4 2 3 1 1 3 24  3 2 1 3 1 2 
131 2 60 3 3 7418  5 3 1 3 1 1 1 27  3 2 1 2 1 1 
132 4 15 2 1 3812  2 2 1 2 1 4 3 23  3 2 1 3 1 2 
133 4 11 4 3 1154  2 1 4 2 1 4 1 57  3 2 3 2 1 1 
134 1 18 4 0 5302  1 5 2 3 1 4 4 36  3 3 3 4 1 2 
135 2 15 2 3 802   1 5 4 3 1 3 3 37  3 2 1 3 2 1 
136 4 36 4 9 6304  5 5 4 3 1 4 1 36  3 2 2 3 1 1 
137 4 18 2 0 2662  5 4 4 3 1 3 2 32  3 2 1 3 1 1 1
138 1 30 2 5 11998 1 2 1 1 1 1 4 34  3 2 1 2 1 2 
139 4 18 4 3 2404  1 3 2 2 1 2 3 26  3 2 2 3 1 1 
140 4 15 4 1 3368  4 5 3 3 1 4 4 23  3 1 2 3 1 2 
141 3 18 1 3 1445  5 4 4 3 1 4 3 49  1 2 1 2 1 1 
142 4 15 4 2 1520  5 5 4 3 1 4 2 63  3 2 1 3 1 1 
143 1 48 2 1 4788  1 4 4 3 1 3 2 26  3 2 1 3 2 1 
144 2 48 3 X 7582  2 1 2 3 1 4 4 31  3 3 1 4 1 2 
145 1 24 4 1 6419  1 5 2 2 1 4 4 44  3 3 2 4 2 2 
146 4 12 2 1 4675  5 2 1 2 1 4 3 20  3 1 1 3 1 1 
147 4 18 2 2 2515  1 3 3 3 1 4 1 43  3 2 1 3 1 2 
148 4 6  2 0 672   1 1 1 2 1 4 1 54  3 2 1 1 1 2 
149 3 24 4 0 1344  5 4 4 3 1 2 1 37  1 2 2 2 2 1 
150 1 12 2 3 727   2 2 4 4 1 3 4 33  3 2 1 2 1 2 
151 2 9  2 0 276   1 3 4 4 1 4 1 22  3 1 1 2 1 1 
152 2 48 2 X 5381  5 1 3 3 1 4 4 40  1 3 1 1 1 2 
153 4 24 2 2 5511  2 3 4 3 1 1 3 25  2 2 1 3 1 1 
154 3 24 2 2 3749  1 2 2 2 1 4 3 26  3 2 1 3 1 1 
155 2 12 2 0 685   1 4 2 4 1 3 3 25  1 2 1 2 1 1 
156 3 4  2 0 1494  5 2 1 3 1 2 1 999 3 2 1 2 2 1 1
157 1 36 1 2 2746  1 5 4 3 1 4 3 31  1 2 1 3 1 1 
158 1 12 2 2 708   1 3 2 3 3 3 2 38  3 2 1 2 2 1 
159 2 24 2 2 4351  5 3 1 2 1 4 2 48  3 2 1 2 1 2 
160 1 15 3 2 3643  1 5 1 2 1 4 2 27  3 2 2 2 1 1 
161 2 30 4 0 4249  1 1 4 4 1 2 3 28  3 2 2 4 1 1 
162 1 24 2 1 2910  1 4 2 3 1 1 4 34  3 3 1 4 1 2 
163 1 18 2 2 2659  4 3 4 3 1 2 3 28  3 2 1 3 1 1 
164 1 8  4 0 3398  1 4 1 3 1 4 1 39  3 2 2 2 1 1 1
165 3 36 2 3 4473  1 5 4 3 1 2 3 31  3 2 1 3 1 1 
166 2 60 2 0 7408  2 2 4 2 1 2 2 24  3 2 1 4 1 1 
167 4 48 4 1 11590 2 3 2 2 1 4 3 24  1 1 2 2 1 1 
168 1 24 0 2 4110  1 5 3 3 1 4 4 23  1 1 2 3 2 1 
169 1 6  4 2 3384  1 3 1 1 1 4 1 44  3 1 1 4 1 2 
170 2 13 2 3 2101  1 2 2 2 3 4 2 23  3 2 1 2 1 1 
171 1 15 2 4 1275  5 3 4 2 1 2 3 24  3 1 1 3 1 1 
172 1 24 9 2 4169  1 3 4 3 1 4 2 28  3 2 1 3 1 1 
173 1 21 2 2 3599  1 4 1 2 1 4 3 26  3 1 1 2 1 1 
174 4 15 4 3 1459  1 3 4 2 1 2 3 43  3 2 1 2 1 1 
175 4 6  3 9 1743  2 3 1 3 1 2 1 34  3 2 2 2 1 1 
176 2 9  4 6 1136  4 5 4 3 1 3 4 32  3 3 2 3 2 1 
177 2 9  2 2 959   1 3 1 2 1 2 3 29  3 2 1 3 1 1 1
178 4 18 4 1 3229  5 1 2 3 1 4 4 38  3 2 1 4 1 2 
179 1 12 0 3 6199  1 3 4 3 1 2 2 999 3 1 2 3 1 2 
180 2 24 2 0 1246  1 2 4 3 1 2 1 23  2 2 1 2 1 1 
181 4 12 4 3 2331  5 5 1 3 2 4 1 49  3 2 1 3 1 2 
182 4 36 3 3 4463  1 3 4 3 1 2 3 26  3 2 2 4 1 2 
183 4 12 2 3 776   1 3 4 4 1 2 1 28  3 2 1 3 1 1 
184 2 18 2 6 1239  5 3 4 3 1 4 4 999 3 3 1 3 1 1 
185 3 12 2 3 3399  5 5 2 3 1 3 3 37  3 2 1 4 1 1 
186 1 18 2 2 2473  1 1 4 3 1 1 3 25  3 2 1 1 1 1 
187 4 12 2 9 1542  1 4 2 9 1 4 3 36  3 2 1 3 1 2 
188 4 18 4 3 6070  1 5 3 3 1 4 3 33  3 2 2 3 1 2 
189 4 60 4 0 13756 5 5 2 3 1 4 4 63  1 3 1 4 1 2 
190 2 60 1 X 14782 2 5 3 2 1 4 4 60  1 3 2 4 1 2 
191 4 7  3 3 846   5 5 3 3 1 4 4 36  3 3 1 3 1 1 
192 1 20 2 2 2212  5 4 4 3 1 4 3 39  3 2 1 3 1 2 
193 2 18 2 1 12976 1 1 3 2 1 4 4 38  3 3 1 4 1 2 
194 4 22 2 0 1283  5 4 4 2 1 4 2 25  3 1 1 3 1 1 
195 4 30 3 9 4272  2 3 2 3 1 2 2 26  3 2 2 2 1 1 
196 4 18 2 0 1820  1 3 2 4 1 2 2 30  3 2 1 4 1 2 
197 2 12 2 2 983   4 2 1 2 1 4 1 19  3 1 1 2 1 1 
198 1 36 2 0 3249  1 4 2 3 1 4 4 39  1 3 1 4 2 2 
199 1 6  4 3 1957  1 4 1 2 1 4 3 31  3 2 1 3 1 1 
200 4 24 4 3 1516  4 3 4 2 1 1 1 43  3 2 2 2 1 1 
201 4 24 9 1 2197  5 4 4 3 1 4 3 43  3 2 2 3 2 2 
202 1 15 2 3 1053  1 2 4 4 1 2 1 27  3 2 1 3 1 1 1
203 4 33 4 1 7253  1 4 3 3 1 2 3 35  3 2 2 4 1 2 
204 4 21 2 0 2782  3 4 1 2 1 2 3 31  1 2 1 4 1 1 
205 2 18 2 0 1042  5 3 4 2 1 2 2 33  3 2 1 3 1 1 
206 2 12 2 1 2028  5 3 4 3 1 2 3 30  3 2 1 3 1 1 
207 2 12 4 0 958   1 4 2 3 1 3 1 47  3 2 2 2 2 1 
208 4 21 3 2 1591  2 4 4 3 1 3 1 34  3 2 2 4 1 1 
209 2 12 2 2 2762  5 5 1 2 1 2 2 25  1 2 1 3 1 2 
210 2 18 2 1 2779  1 3 1 4 1 3 3 21  3 1 1 3 1 2 
211 4 9  2 2 1313  1 5 1 3 1 4 3 20  3 2 1 3 1 1 
212 1 18 4 5 1190  1 1 2 2 1 4 4 55  3 3 3 1 2 1 
213 4 5  2 9 3448  1 4 1 3 1 4 1 74  3 2 1 2 1 1 
214 1 6  4 2 1872  1 1 4 3 1 4 4 36  3 3 3 4 1 2 
215 4 24 4 5 2058  1 3 4 1 1 2 1 33  3 2 2 3 1 2 
216 2 12 2 3 1484  5 3 2 4 1 1 1 25  3 2 1 3 1 2 
217 4 24 4 0 1287  4 5 4 2 1 4 1 37  3 2 2 3 1 2 
218 3 12 9 9 609   1 2 4 2 1 1 1 26  3 2 1 1 1 1 
219 2 20 3 X 2629  1 3 2 9 1 3 3 29  1 2 2 3 1 2 
220 2 48 4 2 5096  1 3 2 9 1 3 3 30  3 2 1 4 1 2 
221 4 9  4 6 1244  5 5 4 2 1 4 2 41  3 1 2 2 1 1 
222 1 36 2 0 1842  1 2 4 2 1 4 3 34  3 2 1 3 1 2 
223 2 7  2 3 2576  1 3 2 3 3 2 1 35  3 2 1 3 1 1 
224 3 12 2 2 1424  5 5 3 2 1 4 1 55  3 2 1 4 1 2 
225 2 15 3 5 1512  4 3 3 4 1 3 2 61  2 2 2 3 1 1 
226 4 36 4 1 11054 5 3 4 3 1 2 3 30  3 2 1 4 1 2 
227 4 12 0 2 2759  1 5 2 3 1 4 2 34  3 2 2 3 1 1 
228 4 24 2 1 2670  1 5 4 3 1 4 3 35  3 2 1 4 1 2 
229 1 24 2 0 4817  1 4 2 3 2 3 2 31  3 2 1 3 1 2 
230 4 24 2 1 2679  1 2 4 2 1 1 4 29  3 2 1 4 1 2 
231 1 11 4 0 3905  1 3 2 3 1 2 1 36  3 1 2 3 2 1 
232 1 12 2 1 3386  1 5 3 3 1 4 4 35  3 3 1 3 1 2 
233 1 6  2 4 343   1 2 4 2 1 1 1 27  3 2 1 3 1 1 
234 1 15 2 0 1721  1 2 2 3 1 3 1 36  3 2 1 3 1 1 
235 2 12 2 2 3017  1 2 3 2 1 1 1 34  3 1 1 4 1 1 
236 4 48 3 3 7238  5 5 3 3 1 3 3 32  1 2 2 3 2 1 
237 4 24 3 1 4679  1 4 3 3 1 3 3 35  3 2 2 2 1 2 
238 2 24 2 3 3092  2 2 3 4 1 2 3 22  3 1 1 3 1 2 
239 1 6  2 6 448   1 2 4 2 1 4 2 23  3 2 1 3 1 1 
240 1 9  2 0 654   1 3 4 3 1 3 3 28  3 2 1 2 1 1 
241 4 6  2 8 1238  5 1 4 3 1 4 2 36  3 2 1 4 2 2 
242 4 39 2 1 2569  3 3 4 3 1 4 3 24  3 2 1 3 1 1 
243 3 24 2 3 5152  1 4 4 3 1 2 3 25  1 2 1 3 1 1 
244 1 15 4 2 1478  1 5 4 3 1 4 3 44  3 2 2 3 2 2 
245 2 12 4 3 3573  1 3 1 2 1 1 1 23  3 2 1 2 1 1 
246 4 12 2 3 3077  1 3 2 3 1 4 3 52  3 2 1 3 1 2 
247 4 6  2 0 3518  1 3 2 3 3 3 2 26  3 1 1 3 1 1 
248 4 6  4 3 1237  2 3 1 2 1 1 2 27  3 2 2 3 1 1 
249 2 6  2 3 368   5 5 4 3 1 4 2 38  3 2 1 3 1 1 
250 1 24 2 2 2996  5 3 2 4 1 4 3 20  3 2 1 3 1 1 
251 2 36 2 2 9034  2 2 4 3 2 1 4 29  3 1 1 4 1 2 
252 2 18 2 3 1301  1 5 4 4 3 2 1 32  3 2 1 2 1 1 
253 3 6  4 0 1323  2 5 2 1 1 4 3 28  3 2 2 3 2 2 
254 4 10 2 0 1309  5 3 4 3 3 4 2 27  3 2 1 2 1 1 
255 3 15 4 1 2360  3 3 2 3 1 2 3 36  3 2 1 3 1 2 
256 4 39 2 1 8588  2 5 4 3 1 2 3 45  3 2 1 4 1 2 
257 4 36 2 1 4686  1 3 2 3 1 2 4 32  3 3 1 4 1 2 
258 2 12 3 3 585   1 3 4 4 2 4 1 20  3 1 2 3 1 1 
259 1 6  4 0 1361  1 2 2 3 1 4 1 40  3 2 1 2 2 1 1
260 4 36 4 2 7127  1 2 2 2 1 4 2 23  3 1 2 3 1 2 
261 1 6  2 0 1203  2 5 3 3 1 2 2 43  3 2 1 3 1 2 
262 4 24 4 5 5507  1 5 3 3 1 4 4 44  3 3 2 3 1 1 
263 1 18 2 3 3190  1 3 2 2 1 2 1 24  3 2 1 3 1 1 
264 1 48 0 2 7119  1 3 3 3 1 4 4 53  3 3 2 3 2 1 
265 4 24 2 1 3488  2 4 3 9 1 4 3 23  3 2 1 3 1 1 
266 2 26 2 1 7966  1 2 2 3 1 3 3 30  3 2 2 3 1 1 
267 4 4  4 3 1503  1 4 2 3 1 1 1 42  3 2 2 2 2 1 
268 1 36 2 3 2302  1 3 4 1 1 4 3 31  3 1 1 3 1 1 
269 2 36 2 6 2273  1 4 3 3 1 1 3 32  3 2 2 3 2 1 
270 2 15 2 0 2631  2 3 2 2 1 4 3 28  3 1 2 3 1 2 
271 4 12 3 1 1503  1 3 4 4 1 4 1 41  3 1 1 3 1 1 
272 4 24 2 3 1311  2 4 4 4 1 3 2 26  3 2 1 3 1 2 
273 4 24 2 3 3105  5 2 4 3 1 2 3 25  3 2 2 3 1 1 
274 2 18 4 2 3612  1 5 3 2 1 4 2 37  3 2 1 3 1 2 
275 4 24 3 0 2032  1 5 4 3 1 4 4 60  3 3 2 3 1 2 
276 1 30 2 2 6350  5 5 4 3 1 4 2 31  3 2 1 3 1 1 
277 3 18 2 2 2864  1 3 2 3 1 1 1 34  3 2 1 2 2 1 
278 1 12 1 3 626   1 3 4 2 1 4 1 24  1 2 1 2 1 1 
279 4 12 4 5 996   5 4 4 2 1 4 1 23  3 2 2 3 1 1 
280 1 48 9 3 6999  1 4 1 4 3 1 1 34  3 2 2 3 1 2 
281 2 12 4 0 1995  2 2 4 3 1 1 3 27  3 2 1 3 1 1 
282 2 9  2 6 1199  1 4 4 2 1 4 2 67  3 2 2 4 1 2 
283 2 18 4 2 1928  1 2 2 3 1 2 1 31  3 2 2 2 1 1 
284 3 6  3 3 683   1 2 2 2 1 1 2 29  1 2 1 3 1 1 
285 1 12 2 0 1372  1 4 2 1 1 3 3 36  3 2 1 3 1 1 
286 4 24 4 3 2578  4 5 2 3 1 2 3 34  3 2 1 3 1 1 
287 1 24 2 2 3234  1 2 4 2 1 4 1 23  3 1 1 2 1 2 
288 4 24 2 1 5433  5 1 2 2 1 4 2 26  3 1 1 4 1 2 
289 2 9  2 3 1082  1 5 4 3 1 4 3 27  3 2 2 2 1 1 
290 4 15 4 2 2788  1 4 2 2 2 3 3 24  1 2 2 3 1 1 
291 4 24 4 6 1927  5 3 3 2 1 2 3 33  3 2 2 3 1 2 
292 4 24 2 8 937   1 2 4 4 1 3 3 27  3 2 2 2 1 1 
293 4 9  2 2 1388  1 3 4 2 1 2 1 26  3 1 1 3 1 1 
294 2 36 2 5 2384  1 2 4 3 1 1 4 33  3 1 1 2 1 1 
295 4 12 2 0 2133  5 5 4 2 1 4 4 52  3 3 1 4 1 2 
296 1 12 4 2 2246  1 5 3 3 1 3 2 60  3 2 2 3 1 1 
297 1 12 4 3 385   1 4 4 2 1 3 1 58  3 2 4 2 1 2 
298 2 24 3 0 1965  5 3 4 2 1 4 3 42  3 1 2 3 1 2 
299 2 24 2 0 2718  1 3 3 2 1 4 2 20  3 1 1 2 1 2 
300 2 24 0 9 4241  1 3 1 3 1 4 1 36  3 2 3 2 1 2 
301 4 24 3 9 3863  1 3 1 3 1 2 4 32  3 3 1 3 1 1 
302 2 24 1 6 1837  1 4 4 2 1 4 4 34  1 3 1 2 1 1 
303 3 10 2 2 1275  1 2 4 9 1 2 2 23  3 2 1 3 1 1 
304 4 24 4 9 4526  1 3 3 3 1 2 1 74  3 2 1 4 1 2 
305 2 36 2 3 2671  2 3 4 2 2 4 4 50  3 3 1 3 1 1 
306 1 12 9 4 741   2 1 4 2 1 3 2 22  3 2 1 3 1 1 
307 4 18 3 2 1808  1 4 4 2 1 1 1 22  3 2 1 3 1 1 
308 2 48 0 9 12204 5 3 2 3 1 2 3 48  1 2 1 4 1 2 
309 2 60 3 3 9157  5 3 2 3 1 2 4 27  3 3 1 4 1 1 
310 1 6  4 0 3676  1 3 1 3 1 3 1 37  3 1 3 3 2 1 
311 4 12 2 0 640   1 3 4 1 1 2 1 49  3 2 1 2 1 1 
312 2 21 4 9 3652  1 4 2 3 1 3 2 27  3 2 2 3 1 1 
313 4 48 2 9 3914  5 3 4 1 1 2 1 38  1 2 1 3 1 1 
314 1 12 2 2 1858  1 2 4 2 1 1 3 22  3 1 1 3 1 1 
315 4 15 9 3 1979  5 5 4 3 1 2 3 35  3 2 1 3 1 1 
316 2 9  1 0 1437  2 4 2 3 1 3 4 29  3 2 1 3 1 1 
317 1 24 2 3 3660  1 3 2 2 1 4 3 28  3 2 1 3 1 1 
318 1 18 1 2 1553  1 3 4 3 1 3 3 44  1 2 1 3 1 1 
319 2 15 2 3 1444  5 2 4 3 1 1 2 23  3 2 1 3 1 1 
320 2 24 2 0 1355  1 2 3 2 1 4 3 25  3 2 1 2 1 2 
321 4 12 2 6 1393  1 5 4 3 1 4 2 47  1 2 3 3 2 2 
322 4 24 2 3 1376  3 4 4 2 1 1 3 28  3 2 1 3 1 1 
323 4 12 2 3 1493  1 2 4 2 1 3 3 34  3 2 1 3 2 1 
324 1 18 2 6 750   1 1 4 2 1 1 1 27  3 2 1 1 1 1 
325 4 15 2 6 4623  2 3 3 3 1 2 2 40  3 2 1 4 1 2 
326 4 24 4 3 1851  1 4 4 4 3 2 3 33  3 2 2 3 1 2 
327 4 36 3 9 7980  5 2 4 3 1 4 3 27  3 1 2 3 1 2 
328 1 48 2 6 7476  1 4 4 3 1 1 4 50  3 3 1 4 1 2 
329 2 36 3 0 8086  2 5 2 3 1 4 3 42  3 2 4 4 1 2 
330 1 14 9 0 3973  1 1 1 9 1 4 4 22  3 3 1 3 1 1 
331 2 12 2 0 888   1 5 4 3 1 4 3 41  1 2 1 2 2 1 
332 2 30 0 9 4221  1 3 2 2 1 1 3 28  3 2 2 3 1 1 
333 3 12 2 3 1297  1 3 3 4 1 4 1 23  3 1 1 3 1 1 
334 2 6  3 2 1050  1 1 4 3 1 1 2 35  2 2 2 4 1 2 
335 3 6  4 6 1047  1 3 2 2 1 4 2 50  3 2 1 2 1 1 
336 4 24 4 X 6314  1 1 4 3 2 2 4 27  1 2 2 4 1 2 
337 2 30 1 2 3496  4 3 4 3 1 2 3 34  2 2 1 3 2 2 
338 4 60 2 0 10366 1 5 2 3 1 4 2 42  3 2 1 4 1 2 
339 4 18 2 3 1453  1 2 3 2 1 1 1 26  3 2 1 3 1 1 
340 4 6  2 6 1538  1 2 1 2 1 2 4 56  3 2 1 3 1 1 
341 4 12 2 3 2279  5 3 4 3 1 4 4 37  3 3 1 3 1 2 
342 2 36 3 9 9857  2 4 1 3 1 3 2 31  3 2 2 2 2 2 
343 3 10 4 3 1347  5 4 4 3 1 2 2 27  3 2 2 3 1 2 
344 4 9  2 3 2753  2 5 3 3 2 4 3 35  3 2 1 3 1 2 
345 1 15 4 2 975   1 3 2 1 1 3 2 25  3 2 2 3 1 1 
346 2 15 2 5 2631  2 3 3 2 1 2 1 25  3 2 1 2 1 1 
347 2 24 9 3 2896  2 2 2 3 1 1 3 29  3 2 1 3 1 1 
348 1 6  4 0 4716  5 2 1 3 1 3 1 44  3 2 2 2 2 1 
349 4 24 2 3 2284  1 4 4 3 1 2 3 28  3 2 1 3 1 2 
350 4 6  2 1 1236  3 3 2 3 1 4 2 50  3 1 1 3 1 1 
351 4 12 4 0 926   1 1 1 2 1 2 2 38  3 2 1 1 1 1 
352 4 18 4 3 1800  1 3 4 3 1 2 3 24  3 2 2 3 1 1 
353 3 15 2 6 1905  1 5 4 3 1 4 3 40  3 1 1 4 1 2 
354 1 48 4 1 6331  1 5 4 3 1 4 4 46  3 3 2 3 1 2 
355 3 24 2 3 1377  2 5 4 2 1 2 4 47  3 3 1 3 1 2 
356 4 15 2 0 5324  3 5 1 2 1 4 4 35  3 3 1 3 1 1 
357 2 48 2 0 6560  2 4 3 3 1 2 2 24  3 2 1 3 1 1 
358 2 12 0 2 2969  1 2 4 2 1 3 2 25  3 1 2 3 1 1 
359 2 9  2 3 1206  1 5 4 2 1 4 1 25  3 2 1 3 1 1 
360 4 18 4 3 629   3 5 4 3 1 3 2 32  1 2 2 4 1 2 
361 4 21 2 1 2476  5 5 4 3 1 4 1 46  3 2 1 4 1 2 
362 4 30 4 1 7596  5 5 1 3 1 4 3 63  3 2 2 3 1 1 
363 3 24 4 3 3148  5 3 3 3 1 2 3 31  3 2 2 3 1 2 
364 3 9  0 3 1337  1 2 4 3 1 2 3 34  3 2 2 4 1 2 
365 2 6  1 6 433   4 2 4 2 1 2 2 24  1 1 1 3 2 1 
366 2 9  9 3 790   3 3 4 2 1 3 1 66  3 2 1 2 1 1 
367 4 27 2 0 2570  1 3 3 2 1 3 1 21  3 1 1 3 1 1 
368 4 15 4 3 1316  3 3 2 4 1 2 2 47  3 2 2 2 1 1 
369 1 18 2 3 1882  1 3 4 2 1 4 3 25  1 1 2 3 1 1 
370 2 48 1 9 6416  1 5 4 2 1 3 4 59  3 1 1 3 1 1 
371 2 24 3 3 6403  1 2 1 3 1 2 3 33  3 2 1 3 1 1 
372 4 4  4 0 3380  1 4 1 2 1 1 1 37  3 2 1 3 2 1 
373 2 36 1 4 3990  5 2 3 2 1 2 4 29  1 2 1 1 1 1 
374 4 6  4 0 6761  1 4 1 3 1 3 4 45  3 2 2 4 2 2 
375 2 30 0 9 4280  2 3 4 2 1 4 3 26  3 1 2 2 1 1 
376 1 24 1 0 2325  2 4 2 3 1 3 3 32  1 2 1 3 1 1 
377 1 39 4 2 14179 5 4 4 3 1 4 2 30  3 2 2 4 1 2 
378 1 15 2 0 2511  1 1 1 2 1 4 3 23  3 1 1 3 1 1 
379 1 12 2 0 1274  1 2 3 9 1 1 1 37  3 2 1 2 1 1 
380 4 21 2 1 5248  5 3 1 3 1 3 3 26  3 2 1 3 1 1 
381 1 6  2 2 428   1 5 2 2 1 1 2 49  1 2 1 3 1 2 
382 4 24 2 0 1393  1 3 2 3 3 2 1 31  3 2 1 3 1 2 
383 1 18 4 2 2124  1 3 4 2 1 4 1 24  3 1 2 3 1 1 
384 1 12 2 3 2214  1 3 4 3 1 3 2 24  3 2 1 2 1 1 
385 2 12 2 3 1155  1 5 3 4 3 3 1 40  1 2 2 2 1 1 
386 1 30 2 2 3108  1 2 2 1 1 4 2 31  3 2 1 2 1 1 
387 4 10 2 1 2901  5 2 1 2 1 4 1 31  3 1 1 3 1 1 
388 2 12 4 2 3617  1 5 1 3 1 4 3 28  3 1 3 3 1 2 
389 1 36 4 6 8065  1 3 3 2 1 2 4 25  3 2 2 4 1 2 
390 4 21 4 1 3275  1 5 1 3 1 4 3 36  3 2 1 4 1 2 
391 3 12 4 0 1480  3 1 2 3 1 4 4 66  1 3 3 1 1 1 
392 1 24 2 0 1371  5 3 4 2 1 4 1 25  3 1 1 3 1 1 
393 1 18 2 3 3509  1 4 4 2 3 1 1 25  3 2 1 3 1 1 
394 4 36 4 1 5711  4 5 4 3 1 2 3 38  3 2 2 4 1 2 
395 2 18 2 5 3872  1 1 2 2 1 4 3 67  3 2 1 3 1 2 
396 4 24 4 0 1940  4 5 4 3 1 4 1 60  3 2 1 3 1 2 
397 2 12 0 8 1410  1 3 2 9 1 2 1 31  3 2 1 2 1 2 
398 2 12 2 0 836   2 2 4 9 1 2 2 23  1 2 1 2 1 1 
399 2 20 2 1 6468  5 1 1 1 1 4 1 60  3 2 1 4 1 2 
400 2 48 3 6 6224  1 5 4 3 1 4 4 50  3 3 1 3 1 1 
401 2 21 2 9 1188  1 5 2 2 1 4 2 39  3 2 1 3 2 1 
402 4 24 2 1 6313  5 5 3 3 1 4 3 41  3 2 1 4 2 2 
403 3 24 2 2 2892  1 5 3 1 1 4 4 51  3 3 1 3 1 1 
404 4 12 4 2 1258  1 2 2 2 1 4 2 22  3 1 2 2 1 1 
405 4 24 9 0 717   5 5 4 4 1 4 3 54  3 2 2 3 1 2 
406 2 9  2 0 1549  5 2 4 3 1 2 1 35  3 2 1 1 1 1 
407 4 12 4 3 976   5 5 4 3 1 4 3 35  3 2 2 3 1 1 
408 4 12 4 3 930   5 5 4 9 1 4 1 65  3 2 4 3 1 1 
409 2 15 0 0 1778  1 2 2 2 1 1 1 26  3 1 2 1 1 1 
410 2 6  2 3 484   1 4 3 4 3 3 1 28  1 2 1 2 1 1 
411 1 36 4 1 9629  1 4 4 3 1 4 3 24  3 2 2 3 1 2 
412 1 48 2 4 3051  1 3 3 3 1 4 3 54  3 2 1 3 1 1 
413 4 6  2 4 1338  3 3 1 1 1 4 1 62  3 2 1 3 1 1 
414 4 6  4 3 1554  1 4 1 2 1 2 3 24  3 1 2 3 1 2 
415 3 12 2 3 3016  1 3 3 4 1 1 3 24  3 2 1 3 1 1 
416 1 21 4 0 1602  1 5 4 4 1 3 3 30  3 2 2 3 1 2 
417 4 18 0 9 4165  1 3 2 3 1 2 3 36  2 2 2 3 2 1 
418 2 48 3 9 6681  5 3 4 3 1 4 4 38  3 3 1 3 2 2 
419 4 24 3 9 2375  3 3 4 3 1 2 3 44  3 2 2 3 2 2 
420 1 18 9 0 1216  1 2 4 2 1 3 3 23  3 1 1 3 1 2 
421 1 45 0 9 11816 1 5 2 3 1 4 3 29  3 1 2 3 1 1 
422 3 15 2 3 2327  1 2 2 2 1 3 1 25  3 2 1 2 1 1 
423 1 36 2 2 5179  1 4 4 3 1 2 2 29  3 2 1 3 1 1 
424 4 21 3 1 2993  1 3 3 3 1 2 1 28  2 2 2 2 1 1 
425 4 24 1 9 1559  1 4 4 3 1 4 3 50  1 2 1 3 1 2 
426 4 18 2 2 3422  1 5 4 3 1 4 2 47  1 2 3 3 2 2 
427 4 18 2 0 6761  5 3 2 3 1 4 3 68  3 1 2 3 1 1 
428 4 36 3 0 10875 1 5 2 3 1 2 3 45  3 2 2 3 2 2 
429 4 9  2 0 3577  2 3 1 3 3 2 1 26  3 1 1 3 2 1 1
430 4 24 4 1 5804  4 3 4 3 1 2 1 27  3 2 2 3 1 1 
431 1 24 2 3 2439  1 2 4 2 1 4 1 35  3 2 1 3 1 2 
432 4 10 2 2 2210  1 3 2 3 1 2 1 25  1 1 1 2 1 1 
433 1 18 2 3 2389  1 2 4 2 1 1 3 27  2 2 1 3 1 1 
434 4 36 2 9 7409  5 5 3 3 1 2 2 37  3 2 2 3 1 1 
435 4 36 3 2 7678  3 4 2 2 1 4 3 40  3 2 2 3 1 2 
436 1 12 2 2 3590  1 3 2 3 2 2 2 29  3 2 1 2 2 1 
437 4 36 2 3 3595  1 5 4 3 1 2 3 28  3 2 1 3 1 1 
438 4 24 2 1 7814  1 4 3 3 1 3 3 38  3 2 1 4 1 2 
439 2 24 2 2 4057  1 4 3 1 1 3 3 43  3 2 1 3 1 2 
440 1 12 2 6 795   1 2 4 2 1 4 2 53  3 2 1 3 1 1 
441 2 48 2 9 15672 1 3 2 3 1 2 3 23  3 2 1 3 1 2 
442 4 36 4 0 6614  1 5 4 3 1 4 3 34  3 2 2 4 1 2 
443 4 28 1 1 7824  5 2 3 3 3 4 1 40  1 1 2 3 2 2 
444 4 15 4 3 1829  1 5 4 3 1 4 3 46  3 2 2 3 1 2 
445 1 12 4 0 2171  1 3 4 3 1 4 2 38  1 2 2 2 1 1 1
446 4 18 4 3 1169  5 3 4 3 1 3 2 29  3 2 2 3 1 2 
447 4 36 3 1 8947  5 4 3 3 1 2 3 31  2 2 1 4 2 2 
448 1 18 2 2 4153  1 3 2 3 2 3 3 42  3 2 1 3 1 1 
449 1 16 4 0 2625  1 5 2 9 3 4 2 43  1 1 1 3 1 2 
450 4 20 4 0 3485  5 2 2 1 1 4 1 44  3 2 2 3 1 2 
451 4 24 2 3 1278  1 5 4 3 1 1 1 36  3 2 1 4 1 2 
452 4 15 3 1 3594  1 2 1 2 1 2 2 46  3 2 2 2 1 1 
453 2 9  2 0 3195  5 3 1 2 1 2 1 33  3 2 1 2 1 1 
454 4 36 3 3 4454  1 3 4 2 1 4 1 34  3 2 2 3 1 1 
455 2 24 4 2 4736  1 2 2 2 1 4 3 25  1 2 1 2 1 1 
456 2 30 2 3 2991  5 5 2 2 1 4 3 25  3 2 1 3 1 1 
457 4 10 2 1 2848  2 3 1 3 2 2 1 32  3 2 1 3 2 1 
458 1 6  2 0 14896 1 5 1 9 1 4 4 68  1 2 1 4 1 2 
459 1 24 2 2 3345  1 5 4 3 1 2 2 39  3 1 1 4 1 2 
460 4 18 4 2 1817  1 3 4 2 1 2 4 28  3 2 2 3 1 1 
461 4 48 3 3 12749 3 4 4 3 1 1 3 37  3 2 1 4 1 2 
462 2 12 2 0 2002  1 4 3 3 1 4 2 30  3 1 1 3 2 2 
463 1 12 1 0 697   1 2 4 3 1 2 3 46  1 2 2 3 1 2 
464 1 18 4 2 1049  1 2 4 2 1 4 2 21  3 1 1 3 1 1 
465 4 30 2 3 1867  5 5 4 3 1 4 3 58  3 2 1 3 1 2 
466 1 12 3 0 1344  1 3 4 3 1 2 1 43  3 2 2 2 2 1 
467 4 9  4 0 1224  1 3 3 3 1 1 1 30  3 2 2 3 1 1 
468 2 30 3 3 1919  2 2 4 3 1 3 4 30  2 2 2 4 1 1 
469 3 9  2 3 745   1 3 3 2 1 2 1 28  3 2 1 2 1 1 
470 2 6  2 3 2063  1 2 4 4 1 3 3 30  3 1 1 4 1 2 
471 4 24 4 1 6842  5 3 2 3 1 4 2 46  3 2 2 4 2 2 
472 4 4  4 0 1455  1 4 2 3 1 1 1 42  3 2 3 2 2 1 
473 4 18 2 2 1533  1 2 4 4 2 1 2 43  3 2 1 2 2 1 
474 4 24 2 3 3621  2 5 2 3 1 4 3 31  3 2 2 3 1 1 
475 2 18 4 9 3590  1 1 3 4 1 3 3 40  3 2 3 1 2 2 
476 2 24 2 1 4113  3 2 3 2 1 4 3 28  3 1 1 3 1 1 
477 4 36 2 2 10974 1 1 4 2 1 2 3 26  3 2 2 4 1 2 
478 1 12 2 0 1893  1 3 4 2 3 4 2 29  3 2 1 3 1 2 
479 3 30 4 3 3656  5 5 4 3 1 4 2 49  2 2 2 2 1 1 
480 1 28 2 0 4006  1 3 3 3 1 2 3 45  3 2 1 2 1 1 
481 4 6  4 3 1740  1 5 2 4 1 2 1 30  3 1 2 3 1 1 
482 2 21 3 0 2353  1 3 1 1 1 4 2 47  3 2 2 3 1 1 
483 4 24 2 3 2397  3 5 3 3 1 2 3 35  1 2 2 3 1 2 
484 2 6  2 5 454   1 2 3 4 1 1 2 22  3 2 1 2 1 1 
485 2 27 4 3 2520  3 3 4 3 1 2 2 23  3 2 2 2 1 1 
486 4 15 2 3 3568  1 5 4 2 1 2 3 54  1 1 1 4 1 2 
487 1 24 1 0 1193  1 1 1 2 2 4 4 29  3 1 2 1 1 1 
488 1 60 2 9 7297  1 5 4 3 2 4 4 36  3 1 1 3 1 1 
489 2 6  2 3 753   1 3 2 2 3 3 1 64  3 2 1 3 1 1 
490 2 18 9 9 2427  5 5 4 3 1 2 2 42  3 2 2 3 1 1 
491 4 24 9 0 2538  1 5 4 3 1 4 3 47  3 2 2 2 2 1 
492 2 15 1 0 1264  2 3 2 4 1 2 2 25  3 1 1 3 1 1 
493 4 48 2 9 4844  1 1 3 3 1 2 3 33  1 1 1 4 1 2 
494 1 15 4 2 1433  1 3 4 9 1 3 2 25  3 1 2 3 1 1 
495 1 24 2 1 6579  1 1 4 3 1 2 4 29  3 3 1 4 1 2 
496 2 24 4 3 1743  1 5 4 3 1 2 2 48  3 2 2 2 1 1 
497 4 12 4 6 3565  5 2 2 3 1 1 2 37  3 2 2 2 2 1 
498 1 18 2 3 1936  5 4 2 4 1 4 3 23  3 1 2 2 1 1 
499 1 30 2 1 3857  1 3 4 1 1 4 2 40  3 2 1 4 1 2 
500 4 12 2 3 804   1 5 4 3 1 4 3 38  3 2 1 3 1 1 
